   1 137
   2 80
   3 78
   4 71
   5 13
   6 10
   7 26
   8 10
   9 0
  10 0
  11 0
  12 13
  13 73
  14 72
  15 68
  16 82
  17 0
  18 0
  19 0
  20 80
  21 0
  22 0
  23 0
  24 40
  25 8
  26 2
  27 0
  28 0
  29 0
  30 230
  31 2
  32 234
  33 86
  34 0
  35 0
  36 0
  37 4
  38 103
  39 65
  40 77
  41 65
  42 0
  43 0
  44 175
  45 200
  46 55
  47 5
  48 138
  49 233
  50 0
  51 0
  52 0
  53 25
  54 116
  55 69
  56 88
  57 116
  58 83
  59 111
  60 102
  61 116
  62 119
  63 97
  64 114
  65 101
  66 0
  67 65
  68 100
  69 111
  70 98
  71 101
  72 32
  73 73
  74 109
  75 97
  76 103
  77 101
  78 82
  79 101
  80 97
  81 100
  82 121
  83 113
  84 201
  85 101
  86 60
  87 0
  88 0
  89 3
  90 167
  91 73
  92 68
  93 65
  94 84
  95 120
  96 218
  97 98
  98 204
  99 218
 100 117
 101 142
 102 97
 103 36
 104 1
 105 128
 106 0
 107 98
 108 98
 109 24
 110 97
 111 0
 112 32
 113 128
 114 70
 115 156
 116 135
 117 1
 118 2
 119 104
 120 196
 121 121
 122 24
 123 32
 124 128
 125 70
 126 156
 127 135
 128 1
 129 2
 130 136
 131 133
 132 62
 133 214
 134 28
 135 159
 136 59
 137 233
 138 245
 139 237
 140 235
 141 162
 142 170
 143 154
 144 150
 145 201
 146 121
 147 228
 148 41
 149 184
 150 182
 151 109
 152 221
 153 157
 154 67
 155 187
 156 129
 157 12
 158 191
 159 142
 160 233
 161 148
 162 184
 163 4
 164 32
 165 128
 166 8
 167 120
 168 120
 169 154
 170 155
 171 17
 172 144
 173 4
 174 58
 175 194
 176 48
 177 60
 178 1
 179 89
 180 252
 181 252
 182 202
 183 5
 184 64
 185 39
 186 2
 187 25
 188 14
 189 5
 190 53
 191 90
 192 94
 193 65
 194 4
 195 173
 196 1
 197 122
 198 230
 199 201
 200 185
 201 147
 202 148
 203 40
 204 248
 205 249
 206 249
 207 19
 208 126
 209 5
 210 68
 211 2
 212 128
 213 0
 214 34
 215 39
 216 73
 217 3
 218 29
 219 7
 220 241
 221 45
 222 208
 223 171
 224 196
 225 248
 226 118
 227 80
 228 1
 229 128
 230 0
 231 34
 232 199
 233 195
 234 7
 235 38
 236 180
 237 0
 238 73
 239 80
 240 242
 241 75
 242 201
 243 27
 244 114
 245 121
 246 24
 247 32
 248 128
 249 152
 250 200
 251 203
 252 141
 253 144
 254 196
 255 204
 256 206
 257 195
 258 55
 259 228
 260 60
 261 12
 262 16
 263 64
 264 164
 265 21
 266 90
 267 192
 268 92
 269 4
 270 204
 271 189
 272 144
 273 92
 274 13
 275 140
 276 97
 277 100
 278 113
 279 96
 280 40
 281 188
 282 186
 283 125
 284 253
 285 231
 286 151
 287 79
 288 64
 289 46
 290 159
 291 132
 292 180
 293 138
 294 157
 295 171
 296 140
 297 145
 298 57
 299 65
 300 211
 301 128
 302 36
 303 59
 304 47
 305 31
 306 178
 307 81
 308 36
 309 41
 310 32
 311 3
 312 0
 313 4
 314 16
 315 9
 316 30
 317 6
 318 122
 319 102
 320 103
 321 75
 322 57
 323 144
 324 161
 325 108
 326 231
 327 138
 328 86
 329 134
 330 109
 331 170
 332 200
 333 196
 334 44
 335 84
 336 129
 337 217
 338 27
 339 152
 340 10
 341 112
 342 153
 343 6
 344 47
 345 246
 346 66
 347 167
 348 46
 349 37
 350 79
 351 1
 352 121
 353 0
 354 32
 355 128
 356 88
 357 72
 358 201
 359 186
 360 173
 361 64
 362 63
 363 243
 364 73
 365 74
 366 59
 367 20
 368 84
 369 99
 370 202
 371 2
 372 189
 373 39
 374 166
 375 166
 376 5
 377 140
 378 91
 379 160
 380 154
 381 115
 382 43
 383 23
 384 0
 385 35
 386 28
 387 232
 388 103
 389 92
 390 241
 391 252
 392 233
 393 249
 394 211
 395 115
 396 216
 397 82
 398 10
 399 241
 400 10
 401 200
 402 6
 403 0
 404 1
 405 68
 406 172
 407 135
 408 129
 409 225
 410 125
 411 23
 412 92
 413 13
 414 186
 415 215
 416 116
 417 97
 418 102
 419 221
 420 152
 421 133
 422 155
 423 129
 424 1
 425 1
 426 231
 427 2
 428 61
 429 185
 430 36
 431 206
 432 15
 433 232
 434 243
 435 199
 436 231
 437 79
 438 98
 439 245
 440 240
 441 206
 442 150
 443 50
 444 160
 445 44
 446 80
 447 10
 448 45
 449 165
 450 16
 451 175
 452 128
 453 108
 454 0
 455 16
 456 64
 457 68
 458 21
 459 90
 460 31
 461 159
 462 63
 463 129
 464 132
 465 55
 466 48
 467 26
 468 177
 469 134
 470 55
 471 178
 472 111
 473 65
 474 185
 475 142
 476 135
 477 79
 478 84
 479 77
 480 19
 481 82
 482 129
 483 97
 484 13
 485 59
 486 160
 487 56
 488 80
 489 141
 490 67
 491 126
 492 13
 493 174
 494 192
 495 197
 496 175
 497 128
 498 18
 499 0
 500 16
 501 64
 502 68
 503 197
 504 48
 505 48
 506 113
 507 66
 508 24
 509 119
 510 15
 511 237
 512 49
 513 10
 514 79
 515 68
 516 243
 517 30
 518 90
 519 21
 520 13
 521 108
 522 33
 523 0
 524 201
 525 79
 526 207
 527 159
 528 224
 529 175
 530 195
 531 129
 532 249
 533 2
 534 171
 535 57
 536 4
 537 21
 538 80
 539 8
 540 0
 541 2
 542 136
 543 216
 544 36
 545 13
 546 140
 547 91
 548 160
 549 183
 550 129
 551 201
 552 236
 553 192
 554 196
 555 22
 556 204
 557 198
 558 29
 559 80
 560 252
 561 218
 562 214
 563 117
 564 192
 565 84
 566 0
 567 41
 568 165
 569 9
 570 214
 571 225
 572 192
 573 98
 574 15
 575 136
 576 200
 577 83
 578 64
 579 33
 580 0
 581 8
 582 32
 583 162
 584 60
 585 12
 586 204
 587 75
 588 192
 589 242
 590 150
 591 95
 592 82
 593 6
 594 24
 595 246
 596 144
 597 154
 598 9
 599 57
 600 107
 601 1
 602 61
 603 185
 604 169
 605 60
 606 19
 607 146
 608 122
 609 129
 610 9
 611 30
 612 88
 613 80
 614 1
 615 99
 616 6
 617 82
 618 110
 619 97
 620 173
 621 102
 622 192
 623 209
 624 120
 625 13
 626 79
 627 61
 628 132
 629 71
 630 1
 631 229
 632 0
 633 32
 634 128
 635 136
 636 202
 637 195
 638 178
 639 134
 640 160
 641 130
 642 71
 643 203
 644 59
 645 8
 646 146
 647 198
 648 128
 649 158
 650 1
 651 150
 652 162
 653 136
 654 4
 655 191
 656 117
 657 29
 658 188
 659 41
 660 2
 661 172
 662 66
 663 128
 664 97
 665 1
 666 140
 667 28
 668 96
 669 229
 670 137
 671 43
 672 165
 673 64
 674 10
 675 97
 676 72
 677 125
 678 78
 679 134
 680 2
 681 10
 682 1
 683 64
 684 0
 685 145
 686 208
 687 210
 688 130
 689 151
 690 34
 691 192
 692 40
 693 133
 694 100
 695 51
 696 8
 697 184
 698 186
 699 109
 700 45
 701 36
 702 17
 703 18
 704 108
 705 87
 706 3
 707 227
 708 31
 709 24
 710 40
 711 144
 712 180
 713 138
 714 22
 715 106
 716 68
 717 42
 718 160
 719 28
 720 0
 721 4
 722 16
 723 105
 724 77
 725 75
 726 96
 727 218
 728 134
 729 248
 730 10
 731 88
 732 69
 733 65
 734 106
 735 41
 736 72
 737 108
 738 0
 739 73
 740 49
 741 34
 742 106
 743 75
 744 72
 745 180
 746 67
 747 58
 748 128
 749 224
 750 234
 751 122
 752 62
 753 169
 754 10
 755 40
 756 7
 757 0
 758 1
 759 68
 760 114
 761 91
 762 26
 763 216
 764 97
 765 128
 766 212
 767 195
 768 144
 769 118
 770 8
 771 158
 772 222
 773 28
 774 46
 775 41
 776 96
 777 190
 778 128
 779 120
 780 9
 781 88
 782 10
 783 98
 784 237
 785 241
 786 17
 787 84
 788 64
 789 9
 790 0
 791 8
 792 32
 793 146
 794 61
 795 12
 796 74
 797 216
 798 224
 799 150
 800 22
 801 168
 802 196
 803 158
 804 208
 805 10
 806 73
 807 135
 808 240
 809 132
 810 13
 811 175
 812 198
 813 176
 814 214
 815 192
 816 136
 817 140
 818 234
 819 29
 820 4
 821 9
 822 181
 823 115
 824 171
 825 22
 826 144
 827 167
 828 128
 829 108
 830 0
 831 16
 832 64
 833 228
 834 116
 835 15
 836 225
 837 117
 838 6
 839 48
 840 85
 841 3
 842 99
 843 64
 844 219
 845 59
 846 24
 847 146
 848 176
 849 129
 850 45
 851 106
 852 96
 853 73
 854 3
 855 36
 856 129
 857 85
 858 11
 859 254
 860 142
 861 20
 862 80
 863 22
 864 210
 865 181
 866 4
 867 106
 868 135
 869 87
 870 242
 871 36
 872 41
 873 32
 874 27
 875 0
 876 4
 877 16
 878 153
 879 99
 880 90
 881 192
 882 36
 883 7
 884 77
 885 216
 886 19
 887 91
 888 148
 889 237
 890 92
 891 32
 892 25
 893 27
 894 232
 895 56
 896 72
 897 189
 898 5
 899 44
 900 120
 901 32
 902 45
 903 45
 904 252
 905 21
 906 59
 907 164
 908 204
 909 63
 910 62
 911 103
 912 18
 913 214
 914 172
 915 65
 916 80
 917 1
 918 121
 919 0
 920 32
 921 128
 922 24
 923 169
 924 53
 925 16
 926 15
 927 140
 928 109
 929 72
 930 233
 931 165
 932 12
 933 174
 934 135
 935 7
 936 109
 937 127
 938 24
 939 32
 940 128
 941 168
 942 54
 943 136
 944 71
 945 163
 946 134
 947 17
 948 213
 949 1
 950 64
 951 0
 952 141
 953 184
 954 97
 955 90
 956 128
 957 0
 958 26
 959 113
 960 30
 961 6
 962 8
 963 160
 964 17
 965 231
 966 97
 967 128
 968 0
 969 26
 970 113
 971 30
 972 6
 973 8
 974 160
 975 17
 976 231
 977 97
 978 128
 979 0
 980 26
 981 113
 982 30
 983 6
 984 8
 985 160
 986 17
 987 231
 988 97
 989 128
 990 0
 991 26
 992 113
 993 30
 994 6
 995 8
 996 160
 997 17
 998 231
 999 97
1000 128
1001 0
1002 26
1003 113
1004 30
1005 6
1006 8
1007 160
1008 17
1009 231
1010 97
1011 128
1012 0
1013 26
1014 113
1015 30
1016 6
1017 8
1018 160
1019 17
1020 231
1021 97
1022 128
1023 0
1024 3
1025 0
1026 32
1027 106
1028 191
1029 254
1030 171
1031 69
1032 41
1033 197
1034 0
1035 0
1036 0
1037 0
1038 73
1039 69
1040 78
1041 68
1042 174
1043 66
1044 96
1045 130
