

 可能与主题无关的词 财经
名次
队名
场次
胜
平
负
进球
失球
净胜球
积分

1
青岛海信
7
5
2
0
10
2
8
17

2
浙江绿城
6
5
0
1
12
5
7
15

3
成都五牛 可能与主题无关的词 文化
6
4
1
1
8
4
4
13
 badcase 健康
4
广州医药
6
4
0
2
10
7
3
12

5
河南建业
5
3
2
0
4
1
3
11 可能与主题无关的词 教育

6
南京有有
6
3
1
2
8
6
2
10

7
延边队
6
3
0
3
4
4
0
9

8
上海群英
7
2 badcase 体育
3
2
5
6
-1
9

9
江苏舜天
6
2
1
3
12
10
2
7

10
北京宏登
7
2 可能与主题无关的词 IT
1
4
8
13 噪音词 IT
-5
7 噪音词 教育

11
山西路虎
6
1
1
4
4
11
-7
4

12
湖南湘军
7
0
1
6
4
10
-6
1

13
南昌八一
7
0
1
6
2
12
-10
1
